0 361 1 405 30 0 0 0 0 45 30 1440 1050
1 406 1 450 30 0 0 0 0 45 30 1440 1050
2 451 1 495 30 0 0 0 0 45 30 1440 1050
3 496 1 540 30 0 0 0 0 45 30 1440 1050
4 541 1 585 30 0 0 0 0 45 30 1440 1050
5 901 1 945 30 0 0 0 0 45 30 1440 1050
6 946 1 990 30 0 0 0 0 45 30 1440 1050
7 991 1 1035 30 0 0 0 0 45 30 1440 1050
8 361 31 405 60 0 0 0 0 45 30 1440 1050
9 406 31 450 60 0 0 0 0 45 30 1440 1050
10 451 31 495 60 0 0 0 0 45 30 1440 1050
11 496 31 540 60 0 0 0 0 45 30 1440 1050
12 541 31 585 60 0 0 0 0 45 30 1440 1050
13 586 31 630 60 0 0 0 0 45 30 1440 1050
14 676 31 720 60 0 0 0 0 45 30 1440 1050
15 721 31 765 60 0 0 0 0 45 30 1440 1050
16 901 31 945 60 0 0 0 0 45 30 1440 1050
17 946 31 990 60 0 0 0 0 45 30 1440 1050
18 991 31 1035 60 0 0 0 0 45 30 1440 1050
19 1036 31 1080 60 0 0 0 0 45 30 1440 1050
20 361 61 405 90 0 0 0 0 45 30 1440 1050
21 406 61 450 90 0 0 0 0 45 30 1440 1050
22 451 61 495 90 0 0 0 0 45 30 1440 1050
23 496 61 540 90 0 0 0 0 45 30 1440 1050
24 541 61 585 90 0 0 0 0 45 30 1440 1050
25 586 61 630 90 0 0 0 0 45 30 1440 1050
26 631 61 675 90 0 0 0 0 45 30 1440 1050
27 676 61 720 90 0 0 0 0 45 30 1440 1050
28 721 61 765 90 0 0 0 0 45 30 1440 1050
29 766 61 810 90 0 0 0 0 45 30 1440 1050
30 811 61 855 90 0 0 0 0 45 30 1440 1050
31 856 61 900 90 0 0 0 0 45 30 1440 1050
32 901 61 945 90 0 0 0 0 45 30 1440 1050
33 946 61 990 90 0 0 0 0 45 30 1440 1050
34 991 61 1035 90 0 0 0 0 45 30 1440 1050
35 1036 61 1080 90 0 0 0 0 45 30 1440 1050
36 361 91 405 120 0 0 0 0 45 30 1440 1050
37 406 91 450 120 0 0 0 0 45 30 1440 1050
38 451 91 495 120 0 0 0 0 45 30 1440 1050
39 496 91 540 120 0 0 0 0 45 30 1440 1050
40 541 91 585 120 0 0 0 0 45 30 1440 1050
41 586 91 630 120 0 0 0 0 45 30 1440 1050
42 631 91 675 120 0 0 0 0 45 30 1440 1050
43 676 91 720 120 0 0 0 0 45 30 1440 1050
44 721 91 765 120 0 0 0 0 45 30 1440 1050
45 766 91 810 120 0 0 0 0 45 30 1440 1050
46 811 91 855 120 0 0 0 0 45 30 1440 1050
47 856 91 900 120 0 0 0 0 45 30 1440 1050
48 901 91 945 120 0 0 0 0 45 30 1440 1050
49 946 91 990 120 0 0 0 0 45 30 1440 1050
50 991 91 1035 120 0 0 0 0 45 30 1440 1050
51 1036 91 1080 120 0 0 0 0 45 30 1440 1050
52 1081 91 1125 120 0 0 0 0 45 30 1440 1050
53 1 121 45 150 0 0 0 0 45 30 1440 1050
54 271 121 315 150 0 0 0 0 45 30 1440 1050
55 316 121 360 150 0 0 0 0 45 30 1440 1050
56 361 121 405 150 0 0 0 0 45 30 1440 1050
57 406 121 450 150 0 0 0 0 45 30 1440 1050
58 451 121 495 150 0 0 0 0 45 30 1440 1050
59 496 121 540 150 0 0 0 0 45 30 1440 1050
60 541 121 585 150 0 0 0 0 45 30 1440 1050
61 586 121 630 150 0 0 0 0 45 30 1440 1050
62 631 121 675 150 0 0 0 0 45 30 1440 1050
63 676 121 720 150 0 0 0 0 45 30 1440 1050
64 721 121 765 150 0 0 0 0 45 30 1440 1050
65 766 121 810 150 0 0 0 0 45 30 1440 1050
66 811 121 855 150 0 0 0 0 45 30 1440 1050
67 856 121 900 150 0 0 0 0 45 30 1440 1050
68 901 121 945 150 0 0 0 0 45 30 1440 1050
69 946 121 990 150 0 0 0 0 45 30 1440 1050
70 991 121 1035 150 0 0 0 0 45 30 1440 1050
71 1036 121 1080 150 0 0 0 0 45 30 1440 1050
72 1081 121 1125 150 0 0 0 0 45 30 1440 1050
73 1126 121 1170 150 0 0 0 0 45 30 1440 1050
74 1171 121 1215 150 0 0 0 0 45 30 1440 1050
75 1216 121 1260 150 0 0 0 0 45 30 1440 1050
76 1261 121 1305 150 0 0 0 0 45 30 1440 1050
77 1306 121 1350 150 0 0 0 0 45 30 1440 1050
78 1396 121 1440 150 0 0 0 0 45 30 1440 1050
79 1 151 45 180 0 0 0 0 45 30 1440 1050
80 46 151 90 180 0 0 0 0 45 30 1440 1050
81 91 151 135 180 0 0 0 0 45 30 1440 1050
82 136 151 180 180 0 0 0 0 45 30 1440 1050
83 181 151 225 180 0 0 0 0 45 30 1440 1050
84 226 151 270 180 0 0 0 0 45 30 1440 1050
85 271 151 315 180 0 0 0 0 45 30 1440 1050
86 316 151 360 180 0 0 0 0 45 30 1440 1050
87 361 151 405 180 0 0 0 0 45 30 1440 1050
88 406 151 450 180 0 0 0 0 45 30 1440 1050
89 451 151 495 180 0 0 0 0 45 30 1440 1050
90 496 151 540 180 0 0 0 0 45 30 1440 1050
91 541 151 585 180 0 0 0 0 45 30 1440 1050
92 586 151 630 180 0 0 0 0 45 30 1440 1050
93 631 151 675 180 0 0 0 0 45 30 1440 1050
94 676 151 720 180 0 0 0 0 45 30 1440 1050
95 721 151 765 180 0 0 0 0 45 30 1440 1050
96 766 151 810 180 0 0 0 0 45 30 1440 1050
97 811 151 855 180 0 0 0 0 45 30 1440 1050
98 856 151 900 180 0 0 0 0 45 30 1440 1050
99 901 151 945 180 0 0 0 0 45 30 1440 1050
100 946 151 990 180 0 0 0 0 45 30 1440 1050
101 991 151 1035 180 0 0 0 0 45 30 1440 1050
102 1036 151 1080 180 0 0 0 0 45 30 1440 1050
103 1081 151 1125 180 0 0 0 0 45 30 1440 1050
104 1126 151 1170 180 0 0 0 0 45 30 1440 1050
105 1171 151 1215 180 0 0 0 0 45 30 1440 1050
106 1216 151 1260 180 0 0 0 0 45 30 1440 1050
107 1261 151 1305 180 0 0 0 0 45 30 1440 1050
108 1306 151 1350 180 0 0 0 0 45 30 1440 1050
109 1351 151 1395 180 0 0 0 0 45 30 1440 1050
110 1396 151 1440 180 0 0 0 0 45 30 1440 1050
111 1 181 45 210 0 0 0 0 45 30 1440 1050
112 46 181 90 210 0 0 0 0 45 30 1440 1050
113 91 181 135 210 0 0 0 0 45 30 1440 1050
114 136 181 180 210 0 0 0 0 45 30 1440 1050
115 181 181 225 210 0 0 0 0 45 30 1440 1050
116 226 181 270 210 0 0 0 0 45 30 1440 1050
117 271 181 315 210 0 0 0 0 45 30 1440 1050
118 316 181 360 210 0 0 0 0 45 30 1440 1050
119 361 181 405 210 0 0 0 0 45 30 1440 1050
120 406 181 450 210 0 0 0 0 45 30 1440 1050
121 451 181 495 210 0 0 0 0 45 30 1440 1050
122 496 181 540 210 0 0 0 0 45 30 1440 1050
123 541 181 585 210 0 0 0 0 45 30 1440 1050
124 586 181 630 210 0 0 0 0 45 30 1440 1050
125 631 181 675 210 0 0 0 0 45 30 1440 1050
126 676 181 720 210 0 0 0 0 45 30 1440 1050
127 721 181 765 210 0 0 0 0 45 30 1440 1050
128 766 181 810 210 0 0 0 0 45 30 1440 1050
129 811 181 855 210 0 0 0 0 45 30 1440 1050
130 856 181 900 210 0 0 0 0 45 30 1440 1050
131 901 181 945 210 0 0 0 0 45 30 1440 1050
132 946 181 990 210 0 0 0 0 45 30 1440 1050
133 991 181 1035 210 0 0 0 0 45 30 1440 1050
134 1036 181 1080 210 0 0 0 0 45 30 1440 1050
135 1081 181 1125 210 0 0 0 0 45 30 1440 1050
136 1126 181 1170 210 0 0 0 0 45 30 1440 1050
137 1171 181 1215 210 0 0 0 0 45 30 1440 1050
138 1216 181 1260 210 0 0 0 0 45 30 1440 1050
139 1261 181 1305 210 0 0 0 0 45 30 1440 1050
140 1306 181 1350 210 0 0 0 0 45 30 1440 1050
141 1351 181 1395 210 0 0 0 0 45 30 1440 1050
142 1396 181 1440 210 0 0 0 0 45 30 1440 1050
143 1 211 45 240 0 0 0 0 45 30 1440 1050
144 46 211 90 240 0 0 0 0 45 30 1440 1050
145 91 211 135 240 0 0 0 0 45 30 1440 1050
146 136 211 180 240 0 0 0 0 45 30 1440 1050
147 181 211 225 240 0 0 0 0 45 30 1440 1050
148 226 211 270 240 0 0 0 0 45 30 1440 1050
149 271 211 315 240 0 0 0 0 45 30 1440 1050
150 316 211 360 240 0 0 0 0 45 30 1440 1050
151 361 211 405 240 0 0 0 0 45 30 1440 1050
152 406 211 450 240 0 0 0 0 45 30 1440 1050
153 451 211 495 240 0 0 0 0 45 30 1440 1050
154 496 211 540 240 0 0 0 0 45 30 1440 1050
155 541 211 585 240 0 0 0 0 45 30 1440 1050
156 586 211 630 240 0 0 0 0 45 30 1440 1050
157 631 211 675 240 0 0 0 0 45 30 1440 1050
158 676 211 720 240 0 0 0 0 45 30 1440 1050
159 721 211 765 240 0 0 0 0 45 30 1440 1050
160 766 211 810 240 0 0 0 0 45 30 1440 1050
161 811 211 855 240 0 0 0 0 45 30 1440 1050
162 856 211 900 240 0 0 0 0 45 30 1440 1050
163 901 211 945 240 0 0 0 0 45 30 1440 1050
164 946 211 990 240 0 0 0 0 45 30 1440 1050
165 991 211 1035 240 0 0 0 0 45 30 1440 1050
166 1036 211 1080 240 0 0 0 0 45 30 1440 1050
167 1081 211 1125 240 0 0 0 0 45 30 1440 1050
168 1126 211 1170 240 0 0 0 0 45 30 1440 1050
169 1171 211 1215 240 0 0 0 0 45 30 1440 1050
170 1216 211 1260 240 0 0 0 0 45 30 1440 1050
171 1261 211 1305 240 0 0 0 0 45 30 1440 1050
172 1306 211 1350 240 0 0 0 0 45 30 1440 1050
173 1351 211 1395 240 0 0 0 0 45 30 1440 1050
174 1396 211 1440 240 0 0 0 0 45 30 1440 1050
175 1 241 45 270 0 0 0 0 45 30 1440 1050
176 46 241 90 270 0 0 0 0 45 30 1440 1050
177 91 241 135 270 0 0 0 0 45 30 1440 1050
178 136 241 180 270 0 0 0 0 45 30 1440 1050
179 181 241 225 270 0 0 0 0 45 30 1440 1050
180 226 241 270 270 0 0 0 0 45 30 1440 1050
181 271 241 315 270 0 0 0 0 45 30 1440 1050
182 316 241 360 270 0 0 0 0 45 30 1440 1050
183 361 241 405 270 0 0 0 0 45 30 1440 1050
184 406 241 450 270 0 0 0 0 45 30 1440 1050
185 451 241 495 270 0 0 0 0 45 30 1440 1050
186 496 241 540 270 0 0 0 0 45 30 1440 1050
187 541 241 585 270 0 0 0 0 45 30 1440 1050
188 586 241 630 270 0 0 0 0 45 30 1440 1050
189 631 241 675 270 0 0 0 0 45 30 1440 1050
190 676 241 720 270 0 0 0 0 45 30 1440 1050
191 721 241 765 270 0 0 0 0 45 30 1440 1050
192 766 241 810 270 0 0 0 0 45 30 1440 1050
193 811 241 855 270 0 0 0 0 45 30 1440 1050
194 856 241 900 270 0 0 0 0 45 30 1440 1050
195 901 241 945 270 0 0 0 0 45 30 1440 1050
196 946 241 990 270 0 0 0 0 45 30 1440 1050
197 991 241 1035 270 0 0 0 0 45 30 1440 1050
198 1036 241 1080 270 0 0 0 0 45 30 1440 1050
199 1081 241 1125 270 0 0 0 0 45 30 1440 1050
200 1126 241 1170 270 0 0 0 0 45 30 1440 1050
201 1171 241 1215 270 0 0 0 0 45 30 1440 1050
202 1216 241 1260 270 0 0 0 0 45 30 1440 1050
203 1261 241 1305 270 0 0 0 0 45 30 1440 1050
204 1306 241 1350 270 0 0 0 0 45 30 1440 1050
205 1351 241 1395 270 0 0 0 0 45 30 1440 1050
206 1396 241 1440 270 0 0 0 0 45 30 1440 1050
207 1 271 45 300 0 0 0 0 45 30 1440 1050
208 46 271 90 300 0 0 0 0 45 30 1440 1050
209 91 271 135 300 0 0 0 0 45 30 1440 1050
210 136 271 180 300 0 0 0 0 45 30 1440 1050
211 181 271 225 300 0 0 0 0 45 30 1440 1050
212 226 271 270 300 0 0 0 0 45 30 1440 1050
213 271 271 315 300 0 0 0 0 45 30 1440 1050
214 316 271 360 300 0 0 0 0 45 30 1440 1050
215 361 271 405 300 0 0 0 0 45 30 1440 1050
216 406 271 450 300 0 0 0 0 45 30 1440 1050
217 451 271 495 300 0 0 0 0 45 30 1440 1050
218 496 271 540 300 0 0 0 0 45 30 1440 1050
219 541 271 585 300 0 0 0 0 45 30 1440 1050
220 586 271 630 300 0 0 0 0 45 30 1440 1050
221 631 271 675 300 0 0 0 0 45 30 1440 1050
222 676 271 720 300 0 0 0 0 45 30 1440 1050
223 721 271 765 300 0 0 0 0 45 30 1440 1050
224 766 271 810 300 0 0 0 0 45 30 1440 1050
225 811 271 855 300 0 0 0 0 45 30 1440 1050
226 856 271 900 300 0 0 0 0 45 30 1440 1050
227 901 271 945 300 0 0 0 0 45 30 1440 1050
228 946 271 990 300 0 0 0 0 45 30 1440 1050
229 991 271 1035 300 0 0 0 0 45 30 1440 1050
230 1036 271 1080 300 0 0 0 0 45 30 1440 1050
231 1081 271 1125 300 0 0 0 0 45 30 1440 1050
232 1126 271 1170 300 0 0 0 0 45 30 1440 1050
233 1171 271 1215 300 0 0 0 0 45 30 1440 1050
234 1216 271 1260 300 0 0 0 0 45 30 1440 1050
235 1261 271 1305 300 0 0 0 0 45 30 1440 1050
236 1306 271 1350 300 0 0 0 0 45 30 1440 1050
237 1351 271 1395 300 0 0 0 0 45 30 1440 1050
238 1396 271 1440 300 0 0 0 0 45 30 1440 1050
239 1 301 45 330 0 0 0 0 45 30 1440 1050
240 46 301 90 330 0 0 0 0 45 30 1440 1050
241 91 301 135 330 0 0 0 0 45 30 1440 1050
242 136 301 180 330 0 0 0 0 45 30 1440 1050
243 181 301 225 330 0 0 0 0 45 30 1440 1050
244 226 301 270 330 0 0 0 0 45 30 1440 1050
245 271 301 315 330 0 0 0 0 45 30 1440 1050
246 316 301 360 330 0 0 0 0 45 30 1440 1050
247 361 301 405 330 0 0 0 0 45 30 1440 1050
248 406 301 450 330 0 0 0 0 45 30 1440 1050
249 451 301 495 330 0 0 0 0 45 30 1440 1050
250 496 301 540 330 0 0 0 0 45 30 1440 1050
251 541 301 585 330 0 0 0 0 45 30 1440 1050
252 586 301 630 330 0 0 0 0 45 30 1440 1050
253 631 301 675 330 0 0 0 0 45 30 1440 1050
254 676 301 720 330 0 0 0 0 45 30 1440 1050
255 721 301 765 330 0 0 0 0 45 30 1440 1050
256 766 301 810 330 0 0 0 0 45 30 1440 1050
257 811 301 855 330 0 0 0 0 45 30 1440 1050
258 856 301 900 330 0 0 0 0 45 30 1440 1050
259 901 301 945 330 0 0 0 0 45 30 1440 1050
260 946 301 990 330 0 0 0 0 45 30 1440 1050
261 991 301 1035 330 0 0 0 0 45 30 1440 1050
262 1036 301 1080 330 0 0 0 0 45 30 1440 1050
263 1081 301 1125 330 0 0 0 0 45 30 1440 1050
264 1126 301 1170 330 0 0 0 0 45 30 1440 1050
265 1171 301 1215 330 0 0 0 0 45 30 1440 1050
266 1216 301 1260 330 0 0 0 0 45 30 1440 1050
267 1261 301 1305 330 0 0 0 0 45 30 1440 1050
268 1306 301 1350 330 0 0 0 0 45 30 1440 1050
269 1351 301 1395 330 0 0 0 0 45 30 1440 1050
270 1396 301 1440 330 0 0 0 0 45 30 1440 1050
271 1 331 45 360 0 0 0 0 45 30 1440 1050
272 46 331 90 360 0 0 0 0 45 30 1440 1050
273 91 331 135 360 0 0 0 0 45 30 1440 1050
274 136 331 180 360 0 0 0 0 45 30 1440 1050
275 181 331 225 360 0 0 0 0 45 30 1440 1050
276 226 331 270 360 0 0 0 0 45 30 1440 1050
277 271 331 315 360 0 0 0 0 45 30 1440 1050
278 316 331 360 360 0 0 0 0 45 30 1440 1050
279 361 331 405 360 0 0 0 0 45 30 1440 1050
280 406 331 450 360 0 0 0 0 45 30 1440 1050
281 451 331 495 360 0 0 0 0 45 30 1440 1050
282 496 331 540 360 0 0 0 0 45 30 1440 1050
283 541 331 585 360 0 0 0 0 45 30 1440 1050
284 586 331 630 360 0 0 0 0 45 30 1440 1050
285 631 331 675 360 0 0 0 0 45 30 1440 1050
286 676 331 720 360 0 0 0 0 45 30 1440 1050
287 721 331 765 360 0 0 0 0 45 30 1440 1050
288 766 331 810 360 0 0 0 0 45 30 1440 1050
289 811 331 855 360 0 0 0 0 45 30 1440 1050
290 856 331 900 360 0 0 0 0 45 30 1440 1050
291 901 331 945 360 0 0 0 0 45 30 1440 1050
292 946 331 990 360 0 0 0 0 45 30 1440 1050
293 991 331 1035 360 0 0 0 0 45 30 1440 1050
294 1036 331 1080 360 0 0 0 0 45 30 1440 1050
295 1081 331 1125 360 0 0 0 0 45 30 1440 1050
296 1126 331 1170 360 0 0 0 0 45 30 1440 1050
297 1171 331 1215 360 0 0 0 0 45 30 1440 1050
298 1216 331 1260 360 0 0 0 0 45 30 1440 1050
299 1261 331 1305 360 0 0 0 0 45 30 1440 1050
300 1306 331 1350 360 0 0 0 0 45 30 1440 1050
301 1351 331 1395 360 0 0 0 0 45 30 1440 1050
302 1396 331 1440 360 0 0 0 0 45 30 1440 1050
303 1 361 45 390 0 0 0 0 45 30 1440 1050
304 46 361 90 390 0 0 0 0 45 30 1440 1050
305 91 361 135 390 0 0 0 0 45 30 1440 1050
306 136 361 180 390 0 0 0 0 45 30 1440 1050
307 181 361 225 390 0 0 0 0 45 30 1440 1050
308 226 361 270 390 0 0 0 0 45 30 1440 1050
309 271 361 315 390 0 0 0 0 45 30 1440 1050
310 316 361 360 390 0 0 0 0 45 30 1440 1050
311 361 361 405 390 0 0 0 0 45 30 1440 1050
312 406 361 450 390 0 0 0 0 45 30 1440 1050
313 451 361 495 390 0 0 0 0 45 30 1440 1050
314 496 361 540 390 0 0 0 0 45 30 1440 1050
315 541 361 585 390 0 0 0 0 45 30 1440 1050
316 586 361 630 390 0 0 0 0 45 30 1440 1050
317 631 361 675 390 0 0 0 0 45 30 1440 1050
318 676 361 720 390 0 0 0 0 45 30 1440 1050
319 721 361 765 390 0 0 0 0 45 30 1440 1050
320 766 361 810 390 0 0 0 0 45 30 1440 1050
321 811 361 855 390 0 0 0 0 45 30 1440 1050
322 856 361 900 390 0 0 0 0 45 30 1440 1050
323 901 361 945 390 0 0 0 0 45 30 1440 1050
324 946 361 990 390 0 0 0 0 45 30 1440 1050
325 991 361 1035 390 0 0 0 0 45 30 1440 1050
326 1036 361 1080 390 0 0 0 0 45 30 1440 1050
327 1081 361 1125 390 0 0 0 0 45 30 1440 1050
328 1126 361 1170 390 0 0 0 0 45 30 1440 1050
329 1171 361 1215 390 0 0 0 0 45 30 1440 1050
330 1216 361 1260 390 0 0 0 0 45 30 1440 1050
331 1261 361 1305 390 0 0 0 0 45 30 1440 1050
332 1306 361 1350 390 0 0 0 0 45 30 1440 1050
333 1351 361 1395 390 0 0 0 0 45 30 1440 1050
334 1396 361 1440 390 0 0 0 0 45 30 1440 1050
335 1 391 45 420 0 0 0 0 45 30 1440 1050
336 46 391 90 420 0 0 0 0 45 30 1440 1050
337 91 391 135 420 0 0 0 0 45 30 1440 1050
338 136 391 180 420 0 0 0 0 45 30 1440 1050
339 181 391 225 420 0 0 0 0 45 30 1440 1050
340 226 391 270 420 0 0 0 0 45 30 1440 1050
341 316 391 360 420 0 0 0 0 45 30 1440 1050
342 361 391 405 420 0 0 0 0 45 30 1440 1050
343 406 391 450 420 0 0 0 0 45 30 1440 1050
344 451 391 495 420 0 0 0 0 45 30 1440 1050
345 496 391 540 420 0 0 0 0 45 30 1440 1050
346 541 391 585 420 0 0 0 0 45 30 1440 1050
347 586 391 630 420 0 0 0 0 45 30 1440 1050
348 631 391 675 420 0 0 0 0 45 30 1440 1050
349 676 391 720 420 0 0 0 0 45 30 1440 1050
350 721 391 765 420 0 0 0 0 45 30 1440 1050
351 766 391 810 420 0 0 0 0 45 30 1440 1050
352 811 391 855 420 0 0 0 0 45 30 1440 1050
353 856 391 900 420 0 0 0 0 45 30 1440 1050
354 901 391 945 420 0 0 0 0 45 30 1440 1050
355 946 391 990 420 0 0 0 0 45 30 1440 1050
356 991 391 1035 420 0 0 0 0 45 30 1440 1050
357 1036 391 1080 420 0 0 0 0 45 30 1440 1050
358 1081 391 1125 420 0 0 0 0 45 30 1440 1050
359 1126 391 1170 420 0 0 0 0 45 30 1440 1050
360 1171 391 1215 420 0 0 0 0 45 30 1440 1050
361 1216 391 1260 420 0 0 0 0 45 30 1440 1050
362 1261 391 1305 420 0 0 0 0 45 30 1440 1050
363 1306 391 1350 420 0 0 0 0 45 30 1440 1050
364 1351 391 1395 420 0 0 0 0 45 30 1440 1050
365 1396 391 1440 420 0 0 0 0 45 30 1440 1050
366 1 421 45 450 0 0 0 0 45 30 1440 1050
367 46 421 90 450 0 0 0 0 45 30 1440 1050
368 91 421 135 450 0 0 0 0 45 30 1440 1050
369 136 421 180 450 0 0 0 0 45 30 1440 1050
370 181 421 225 450 0 0 0 0 45 30 1440 1050
371 271 421 315 450 0 0 0 0 45 30 1440 1050
372 316 421 360 450 0 0 0 0 45 30 1440 1050
373 361 421 405 450 0 0 0 0 45 30 1440 1050
374 406 421 450 450 0 0 0 0 45 30 1440 1050
375 451 421 495 450 0 0 0 0 45 30 1440 1050
376 496 421 540 450 0 0 0 0 45 30 1440 1050
377 541 421 585 450 0 0 0 0 45 30 1440 1050
378 586 421 630 450 0 0 0 0 45 30 1440 1050
379 631 421 675 450 0 0 0 0 45 30 1440 1050
380 676 421 720 450 0 0 0 0 45 30 1440 1050
381 721 421 765 450 0 0 0 0 45 30 1440 1050
382 766 421 810 450 0 0 0 0 45 30 1440 1050
383 811 421 855 450 0 0 0 0 45 30 1440 1050
384 856 421 900 450 0 0 0 0 45 30 1440 1050
385 946 421 990 450 0 0 0 0 45 30 1440 1050
386 991 421 1035 450 0 0 0 0 45 30 1440 1050
387 1036 421 1080 450 0 0 0 0 45 30 1440 1050
388 1081 421 1125 450 0 0 0 0 45 30 1440 1050
389 1126 421 1170 450 0 0 0 0 45 30 1440 1050
390 1171 421 1215 450 0 0 0 0 45 30 1440 1050
391 1261 421 1305 450 0 0 0 0 45 30 1440 1050
392 1306 421 1350 450 0 0 0 0 45 30 1440 1050
393 1351 421 1395 450 0 0 0 0 45 30 1440 1050
394 1396 421 1440 450 0 0 0 0 45 30 1440 1050
395 1 451 45 480 0 0 0 0 45 30 1440 1050
396 46 451 90 480 0 0 0 0 45 30 1440 1050
397 91 451 135 480 0 0 0 0 45 30 1440 1050
398 136 451 180 480 0 0 0 0 45 30 1440 1050
399 181 451 225 480 0 0 0 0 45 30 1440 1050
400 226 451 270 480 0 0 0 0 45 30 1440 1050
401 271 451 315 480 0 0 0 0 45 30 1440 1050
402 316 451 360 480 0 0 0 0 45 30 1440 1050
403 361 451 405 480 0 0 0 0 45 30 1440 1050
404 406 451 450 480 0 0 0 0 45 30 1440 1050
405 451 451 495 480 0 0 0 0 45 30 1440 1050
406 496 451 540 480 0 0 0 0 45 30 1440 1050
407 541 451 585 480 0 0 0 0 45 30 1440 1050
408 586 451 630 480 0 0 0 0 45 30 1440 1050
409 631 451 675 480 0 0 0 0 45 30 1440 1050
410 676 451 720 480 0 0 0 0 45 30 1440 1050
411 721 451 765 480 0 0 0 0 45 30 1440 1050
412 766 451 810 480 0 0 0 0 45 30 1440 1050
413 811 451 855 480 0 0 0 0 45 30 1440 1050
414 856 451 900 480 0 0 0 0 45 30 1440 1050
415 946 451 990 480 0 0 0 0 45 30 1440 1050
416 991 451 1035 480 0 0 0 0 45 30 1440 1050
417 1036 451 1080 480 0 0 0 0 45 30 1440 1050
418 1081 451 1125 480 0 0 0 0 45 30 1440 1050
419 1126 451 1170 480 0 0 0 0 45 30 1440 1050
420 1171 451 1215 480 0 0 0 0 45 30 1440 1050
421 1261 451 1305 480 0 0 0 0 45 30 1440 1050
422 1306 451 1350 480 0 0 0 0 45 30 1440 1050
423 1351 451 1395 480 0 0 0 0 45 30 1440 1050
424 1396 451 1440 480 0 0 0 0 45 30 1440 1050
425 1 481 45 510 0 0 0 0 45 30 1440 1050
426 46 481 90 510 0 0 0 0 45 30 1440 1050
427 91 481 135 510 0 0 0 0 45 30 1440 1050
428 136 481 180 510 0 0 0 0 45 30 1440 1050
429 181 481 225 510 0 0 0 0 45 30 1440 1050
430 226 481 270 510 0 0 0 0 45 30 1440 1050
431 271 481 315 510 0 0 0 0 45 30 1440 1050
432 316 481 360 510 0 0 0 0 45 30 1440 1050
433 361 481 405 510 0 0 0 0 45 30 1440 1050
434 406 481 450 510 0 0 0 0 45 30 1440 1050
435 451 481 495 510 0 0 0 0 45 30 1440 1050
436 496 481 540 510 0 0 0 0 45 30 1440 1050
437 541 481 585 510 0 0 0 0 45 30 1440 1050
438 586 481 630 510 0 0 0 0 45 30 1440 1050
439 631 481 675 510 0 0 0 0 45 30 1440 1050
440 676 481 720 510 0 0 0 0 45 30 1440 1050
441 721 481 765 510 0 0 0 0 45 30 1440 1050
442 766 481 810 510 0 0 0 0 45 30 1440 1050
443 811 481 855 510 0 0 0 0 45 30 1440 1050
444 991 481 1035 510 0 0 0 0 45 30 1440 1050
445 1036 481 1080 510 0 0 0 0 45 30 1440 1050
446 1081 481 1125 510 0 0 0 0 45 30 1440 1050
447 1126 481 1170 510 0 0 0 0 45 30 1440 1050
448 1171 481 1215 510 0 0 0 0 45 30 1440 1050
449 1261 481 1305 510 0 0 0 0 45 30 1440 1050
450 1306 481 1350 510 0 0 0 0 45 30 1440 1050
451 1351 481 1395 510 0 0 0 0 45 30 1440 1050
452 1396 481 1440 510 0 0 0 0 45 30 1440 1050
453 1 511 45 540 0 0 0 0 45 30 1440 1050
454 46 511 90 540 0 0 0 0 45 30 1440 1050
455 91 511 135 540 0 0 0 0 45 30 1440 1050
456 136 511 180 540 0 0 0 0 45 30 1440 1050
457 181 511 225 540 0 0 0 0 45 30 1440 1050
458 226 511 270 540 0 0 0 0 45 30 1440 1050
459 271 511 315 540 0 0 0 0 45 30 1440 1050
460 316 511 360 540 0 0 0 0 45 30 1440 1050
461 361 511 405 540 0 0 0 0 45 30 1440 1050
462 406 511 450 540 0 0 0 0 45 30 1440 1050
463 451 511 495 540 0 0 0 0 45 30 1440 1050
464 496 511 540 540 0 0 0 0 45 30 1440 1050
465 541 511 585 540 0 0 0 0 45 30 1440 1050
466 586 511 630 540 0 0 0 0 45 30 1440 1050
467 631 511 675 540 0 0 0 0 45 30 1440 1050
468 676 511 720 540 0 0 0 0 45 30 1440 1050
469 721 511 765 540 0 0 0 0 45 30 1440 1050
470 766 511 810 540 0 0 0 0 45 30 1440 1050
471 811 511 855 540 0 0 0 0 45 30 1440 1050
472 901 511 945 540 0 0 0 0 45 30 1440 1050
473 946 511 990 540 0 0 0 0 45 30 1440 1050
474 991 511 1035 540 0 0 0 0 45 30 1440 1050
475 1036 511 1080 540 0 0 0 0 45 30 1440 1050
476 1081 511 1125 540 0 0 0 0 45 30 1440 1050
477 1126 511 1170 540 0 0 0 0 45 30 1440 1050
478 1171 511 1215 540 0 0 0 0 45 30 1440 1050
479 1261 511 1305 540 0 0 0 0 45 30 1440 1050
480 1306 511 1350 540 0 0 0 0 45 30 1440 1050
481 1351 511 1395 540 0 0 0 0 45 30 1440 1050
482 1396 511 1440 540 0 0 0 0 45 30 1440 1050
483 1 541 45 570 0 0 0 0 45 30 1440 1050
484 46 541 90 570 0 0 0 0 45 30 1440 1050
485 91 541 135 570 0 0 0 0 45 30 1440 1050
486 136 541 180 570 0 0 0 0 45 30 1440 1050
487 181 541 225 570 0 0 0 0 45 30 1440 1050
488 226 541 270 570 0 0 0 0 45 30 1440 1050
489 271 541 315 570 0 0 0 0 45 30 1440 1050
490 316 541 360 570 0 0 0 0 45 30 1440 1050
491 361 541 405 570 0 0 0 0 45 30 1440 1050
492 406 541 450 570 0 0 0 0 45 30 1440 1050
493 451 541 495 570 0 0 0 0 45 30 1440 1050
494 496 541 540 570 0 0 0 0 45 30 1440 1050
495 541 541 585 570 0 0 0 0 45 30 1440 1050
496 586 541 630 570 0 0 0 0 45 30 1440 1050
497 631 541 675 570 0 0 0 0 45 30 1440 1050
498 676 541 720 570 0 0 0 0 45 30 1440 1050
499 721 541 765 570 0 0 0 0 45 30 1440 1050
500 766 541 810 570 0 0 0 0 45 30 1440 1050
501 811 541 855 570 0 0 0 0 45 30 1440 1050
502 856 541 900 570 0 0 0 0 45 30 1440 1050
503 901 541 945 570 0 0 0 0 45 30 1440 1050
504 946 541 990 570 0 0 0 0 45 30 1440 1050
505 991 541 1035 570 0 0 0 0 45 30 1440 1050
506 1036 541 1080 570 0 0 0 0 45 30 1440 1050
507 1081 541 1125 570 0 0 0 0 45 30 1440 1050
508 1126 541 1170 570 0 0 0 0 45 30 1440 1050
509 1171 541 1215 570 0 0 0 0 45 30 1440 1050
510 1306 541 1350 570 0 0 0 0 45 30 1440 1050
511 1351 541 1395 570 0 0 0 0 45 30 1440 1050
512 1396 541 1440 570 0 0 0 0 45 30 1440 1050
513 1 571 45 600 0 0 0 0 45 30 1440 1050
514 46 571 90 600 0 0 0 0 45 30 1440 1050
515 91 571 135 600 0 0 0 0 45 30 1440 1050
516 136 571 180 600 0 0 0 0 45 30 1440 1050
517 181 571 225 600 0 0 0 0 45 30 1440 1050
518 226 571 270 600 0 0 0 0 45 30 1440 1050
519 271 571 315 600 0 0 0 0 45 30 1440 1050
520 316 571 360 600 0 0 0 0 45 30 1440 1050
521 361 571 405 600 0 0 0 0 45 30 1440 1050
522 406 571 450 600 0 0 0 0 45 30 1440 1050
523 451 571 495 600 0 0 0 0 45 30 1440 1050
524 496 571 540 600 0 0 0 0 45 30 1440 1050
525 541 571 585 600 0 0 0 0 45 30 1440 1050
526 586 571 630 600 0 0 0 0 45 30 1440 1050
527 631 571 675 600 0 0 0 0 45 30 1440 1050
528 676 571 720 600 0 0 0 0 45 30 1440 1050
529 721 571 765 600 0 0 0 0 45 30 1440 1050
530 766 571 810 600 0 0 0 0 45 30 1440 1050
531 811 571 855 600 0 0 0 0 45 30 1440 1050
532 856 571 900 600 0 0 0 0 45 30 1440 1050
533 901 571 945 600 0 0 0 0 45 30 1440 1050
534 946 571 990 600 0 0 0 0 45 30 1440 1050
535 991 571 1035 600 0 0 0 0 45 30 1440 1050
536 1036 571 1080 600 0 0 0 0 45 30 1440 1050
537 1081 571 1125 600 0 0 0 0 45 30 1440 1050
538 1261 571 1305 600 0 0 0 0 45 30 1440 1050
539 1306 571 1350 600 0 0 0 0 45 30 1440 1050
540 1351 571 1395 600 0 0 0 0 45 30 1440 1050
541 1396 571 1440 600 0 0 0 0 45 30 1440 1050
542 1 601 45 630 0 0 0 0 45 30 1440 1050
543 46 601 90 630 0 0 0 0 45 30 1440 1050
544 91 601 135 630 0 0 0 0 45 30 1440 1050
545 136 601 180 630 0 0 0 0 45 30 1440 1050
546 181 601 225 630 0 0 0 0 45 30 1440 1050
547 226 601 270 630 0 0 0 0 45 30 1440 1050
548 271 601 315 630 0 0 0 0 45 30 1440 1050
549 316 601 360 630 0 0 0 0 45 30 1440 1050
550 361 601 405 630 0 0 0 0 45 30 1440 1050
551 406 601 450 630 0 0 0 0 45 30 1440 1050
552 451 601 495 630 0 0 0 0 45 30 1440 1050
553 496 601 540 630 0 0 0 0 45 30 1440 1050
554 541 601 585 630 0 0 0 0 45 30 1440 1050
555 586 601 630 630 0 0 0 0 45 30 1440 1050
556 631 601 675 630 0 0 0 0 45 30 1440 1050
557 676 601 720 630 0 0 0 0 45 30 1440 1050
558 721 601 765 630 0 0 0 0 45 30 1440 1050
559 766 601 810 630 0 0 0 0 45 30 1440 1050
560 811 601 855 630 0 0 0 0 45 30 1440 1050
561 856 601 900 630 0 0 0 0 45 30 1440 1050
562 901 601 945 630 0 0 0 0 45 30 1440 1050
563 946 601 990 630 0 0 0 0 45 30 1440 1050
564 991 601 1035 630 0 0 0 0 45 30 1440 1050
565 1036 601 1080 630 0 0 0 0 45 30 1440 1050
566 1081 601 1125 630 0 0 0 0 45 30 1440 1050
567 1261 601 1305 630 0 0 0 0 45 30 1440 1050
568 1306 601 1350 630 0 0 0 0 45 30 1440 1050
569 1351 601 1395 630 0 0 0 0 45 30 1440 1050
570 1396 601 1440 630 0 0 0 0 45 30 1440 1050
571 181 631 225 660 0 0 0 0 45 30 1440 1050
572 226 631 270 660 0 0 0 0 45 30 1440 1050
573 271 631 315 660 0 0 0 0 45 30 1440 1050
574 316 631 360 660 0 0 0 0 45 30 1440 1050
575 361 631 405 660 0 0 0 0 45 30 1440 1050
576 406 631 450 660 0 0 0 0 45 30 1440 1050
577 451 631 495 660 0 0 0 0 45 30 1440 1050
578 496 631 540 660 0 0 0 0 45 30 1440 1050
579 541 631 585 660 0 0 0 0 45 30 1440 1050
580 586 631 630 660 0 0 0 0 45 30 1440 1050
581 631 631 675 660 0 0 0 0 45 30 1440 1050
582 676 631 720 660 0 0 0 0 45 30 1440 1050
583 721 631 765 660 0 0 0 0 45 30 1440 1050
584 766 631 810 660 0 0 0 0 45 30 1440 1050
585 811 631 855 660 0 0 0 0 45 30 1440 1050
586 856 631 900 660 0 0 0 0 45 30 1440 1050
587 901 631 945 660 0 0 0 0 45 30 1440 1050
588 946 631 990 660 0 0 0 0 45 30 1440 1050
589 991 631 1035 660 0 0 0 0 45 30 1440 1050
590 1036 631 1080 660 0 0 0 0 45 30 1440 1050
591 1081 631 1125 660 0 0 0 0 45 30 1440 1050
592 1216 631 1260 660 0 0 0 0 45 30 1440 1050
593 1261 631 1305 660 0 0 0 0 45 30 1440 1050
594 1306 631 1350 660 0 0 0 0 45 30 1440 1050
595 1351 631 1395 660 0 0 0 0 45 30 1440 1050
596 1396 631 1440 660 0 0 0 0 45 30 1440 1050
597 181 661 225 690 0 0 0 0 45 30 1440 1050
598 226 661 270 690 0 0 0 0 45 30 1440 1050
599 271 661 315 690 0 0 0 0 45 30 1440 1050
600 316 661 360 690 0 0 0 0 45 30 1440 1050
601 361 661 405 690 0 0 0 0 45 30 1440 1050
602 406 661 450 690 0 0 0 0 45 30 1440 1050
603 451 661 495 690 0 0 0 0 45 30 1440 1050
604 496 661 540 690 0 0 0 0 45 30 1440 1050
605 541 661 585 690 0 0 0 0 45 30 1440 1050
606 586 661 630 690 0 0 0 0 45 30 1440 1050
607 631 661 675 690 0 0 0 0 45 30 1440 1050
608 676 661 720 690 0 0 0 0 45 30 1440 1050
609 811 661 855 690 0 0 0 0 45 30 1440 1050
610 856 661 900 690 0 0 0 0 45 30 1440 1050
611 901 661 945 690 0 0 0 0 45 30 1440 1050
612 946 661 990 690 0 0 0 0 45 30 1440 1050
613 991 661 1035 690 0 0 0 0 45 30 1440 1050
614 1036 661 1080 690 0 0 0 0 45 30 1440 1050
615 1081 661 1125 690 0 0 0 0 45 30 1440 1050
616 1126 661 1170 690 0 0 0 0 45 30 1440 1050
617 1171 661 1215 690 0 0 0 0 45 30 1440 1050
618 1216 661 1260 690 0 0 0 0 45 30 1440 1050
619 1261 661 1305 690 0 0 0 0 45 30 1440 1050
620 136 691 180 720 0 0 0 0 45 30 1440 1050
621 181 691 225 720 0 0 0 0 45 30 1440 1050
622 226 691 270 720 0 0 0 0 45 30 1440 1050
623 271 691 315 720 0 0 0 0 45 30 1440 1050
624 316 691 360 720 0 0 0 0 45 30 1440 1050
625 361 691 405 720 0 0 0 0 45 30 1440 1050
626 406 691 450 720 0 0 0 0 45 30 1440 1050
627 451 691 495 720 0 0 0 0 45 30 1440 1050
628 496 691 540 720 0 0 0 0 45 30 1440 1050
629 541 691 585 720 0 0 0 0 45 30 1440 1050
630 586 691 630 720 0 0 0 0 45 30 1440 1050
631 631 691 675 720 0 0 0 0 45 30 1440 1050
632 811 691 855 720 0 0 0 0 45 30 1440 1050
633 856 691 900 720 0 0 0 0 45 30 1440 1050
634 901 691 945 720 0 0 0 0 45 30 1440 1050
635 946 691 990 720 0 0 0 0 45 30 1440 1050
636 991 691 1035 720 0 0 0 0 45 30 1440 1050
637 1036 691 1080 720 0 0 0 0 45 30 1440 1050
638 1081 691 1125 720 0 0 0 0 45 30 1440 1050
639 1126 691 1170 720 0 0 0 0 45 30 1440 1050
640 1171 691 1215 720 0 0 0 0 45 30 1440 1050
641 1216 691 1260 720 0 0 0 0 45 30 1440 1050
642 1261 691 1305 720 0 0 0 0 45 30 1440 1050
643 1306 691 1350 720 0 0 0 0 45 30 1440 1050
644 1351 691 1395 720 0 0 0 0 45 30 1440 1050
645 226 721 270 750 0 0 0 0 45 30 1440 1050
646 271 721 315 750 0 0 0 0 45 30 1440 1050
647 316 721 360 750 0 0 0 0 45 30 1440 1050
648 361 721 405 750 0 0 0 0 45 30 1440 1050
649 406 721 450 750 0 0 0 0 45 30 1440 1050
650 451 721 495 750 0 0 0 0 45 30 1440 1050
651 496 721 540 750 0 0 0 0 45 30 1440 1050
652 541 721 585 750 0 0 0 0 45 30 1440 1050
653 586 721 630 750 0 0 0 0 45 30 1440 1050
654 631 721 675 750 0 0 0 0 45 30 1440 1050
655 856 721 900 750 0 0 0 0 45 30 1440 1050
656 901 721 945 750 0 0 0 0 45 30 1440 1050
657 946 721 990 750 0 0 0 0 45 30 1440 1050
658 991 721 1035 750 0 0 0 0 45 30 1440 1050
659 1036 721 1080 750 0 0 0 0 45 30 1440 1050
660 1081 721 1125 750 0 0 0 0 45 30 1440 1050
661 1126 721 1170 750 0 0 0 0 45 30 1440 1050
662 1171 721 1215 750 0 0 0 0 45 30 1440 1050
663 1216 721 1260 750 0 0 0 0 45 30 1440 1050
664 1261 721 1305 750 0 0 0 0 45 30 1440 1050
665 1306 721 1350 750 0 0 0 0 45 30 1440 1050
666 1351 721 1395 750 0 0 0 0 45 30 1440 1050
667 226 751 270 780 0 0 0 0 45 30 1440 1050
668 271 751 315 780 0 0 0 0 45 30 1440 1050
669 316 751 360 780 0 0 0 0 45 30 1440 1050
670 361 751 405 780 0 0 0 0 45 30 1440 1050
671 406 751 450 780 0 0 0 0 45 30 1440 1050
672 451 751 495 780 0 0 0 0 45 30 1440 1050
673 496 751 540 780 0 0 0 0 45 30 1440 1050
674 541 751 585 780 0 0 0 0 45 30 1440 1050
675 586 751 630 780 0 0 0 0 45 30 1440 1050
676 631 751 675 780 0 0 0 0 45 30 1440 1050
677 856 751 900 780 0 0 0 0 45 30 1440 1050
678 901 751 945 780 0 0 0 0 45 30 1440 1050
679 946 751 990 780 0 0 0 0 45 30 1440 1050
680 991 751 1035 780 0 0 0 0 45 30 1440 1050
681 1036 751 1080 780 0 0 0 0 45 30 1440 1050
682 1081 751 1125 780 0 0 0 0 45 30 1440 1050
683 1126 751 1170 780 0 0 0 0 45 30 1440 1050
684 1261 751 1305 780 0 0 0 0 45 30 1440 1050
685 1306 751 1350 780 0 0 0 0 45 30 1440 1050
686 1351 751 1395 780 0 0 0 0 45 30 1440 1050
687 226 781 270 810 0 0 0 0 45 30 1440 1050
688 271 781 315 810 0 0 0 0 45 30 1440 1050
689 316 781 360 810 0 0 0 0 45 30 1440 1050
690 361 781 405 810 0 0 0 0 45 30 1440 1050
691 406 781 450 810 0 0 0 0 45 30 1440 1050
692 451 781 495 810 0 0 0 0 45 30 1440 1050
693 496 781 540 810 0 0 0 0 45 30 1440 1050
694 541 781 585 810 0 0 0 0 45 30 1440 1050
695 586 781 630 810 0 0 0 0 45 30 1440 1050
696 631 781 675 810 0 0 0 0 45 30 1440 1050
697 811 781 855 810 0 0 0 0 45 30 1440 1050
698 901 781 945 810 0 0 0 0 45 30 1440 1050
699 946 781 990 810 0 0 0 0 45 30 1440 1050
700 991 781 1035 810 0 0 0 0 45 30 1440 1050
701 1036 781 1080 810 0 0 0 0 45 30 1440 1050
702 1081 781 1125 810 0 0 0 0 45 30 1440 1050
703 1126 781 1170 810 0 0 0 0 45 30 1440 1050
704 1171 781 1215 810 0 0 0 0 45 30 1440 1050
705 1306 781 1350 810 0 0 0 0 45 30 1440 1050
706 1351 781 1395 810 0 0 0 0 45 30 1440 1050
707 271 811 315 840 0 0 0 0 45 30 1440 1050
708 316 811 360 840 0 0 0 0 45 30 1440 1050
709 361 811 405 840 0 0 0 0 45 30 1440 1050
710 406 811 450 840 0 0 0 0 45 30 1440 1050
711 451 811 495 840 0 0 0 0 45 30 1440 1050
712 496 811 540 840 0 0 0 0 45 30 1440 1050
713 541 811 585 840 0 0 0 0 45 30 1440 1050
714 586 811 630 840 0 0 0 0 45 30 1440 1050
715 766 811 810 840 0 0 0 0 45 30 1440 1050
716 811 811 855 840 0 0 0 0 45 30 1440 1050
717 856 811 900 840 0 0 0 0 45 30 1440 1050
718 901 811 945 840 0 0 0 0 45 30 1440 1050
719 946 811 990 840 0 0 0 0 45 30 1440 1050
720 991 811 1035 840 0 0 0 0 45 30 1440 1050
721 1036 811 1080 840 0 0 0 0 45 30 1440 1050
722 1081 811 1125 840 0 0 0 0 45 30 1440 1050
723 1126 811 1170 840 0 0 0 0 45 30 1440 1050
724 1171 811 1215 840 0 0 0 0 45 30 1440 1050
725 1216 811 1260 840 0 0 0 0 45 30 1440 1050
726 406 841 450 870 0 0 0 0 45 30 1440 1050
727 451 841 495 870 0 0 0 0 45 30 1440 1050
728 496 841 540 870 0 0 0 0 45 30 1440 1050
729 541 841 585 870 0 0 0 0 45 30 1440 1050
730 586 841 630 870 0 0 0 0 45 30 1440 1050
731 766 841 810 870 0 0 0 0 45 30 1440 1050
732 811 841 855 870 0 0 0 0 45 30 1440 1050
733 856 841 900 870 0 0 0 0 45 30 1440 1050
734 901 841 945 870 0 0 0 0 45 30 1440 1050
735 946 841 990 870 0 0 0 0 45 30 1440 1050
736 991 841 1035 870 0 0 0 0 45 30 1440 1050
737 1036 841 1080 870 0 0 0 0 45 30 1440 1050
738 1081 841 1125 870 0 0 0 0 45 30 1440 1050
739 1126 841 1170 870 0 0 0 0 45 30 1440 1050
740 1171 841 1215 870 0 0 0 0 45 30 1440 1050
741 1216 841 1260 870 0 0 0 0 45 30 1440 1050
742 316 871 360 900 0 0 0 0 45 30 1440 1050
743 361 871 405 900 0 0 0 0 45 30 1440 1050
744 406 871 450 900 0 0 0 0 45 30 1440 1050
745 451 871 495 900 0 0 0 0 45 30 1440 1050
746 766 871 810 900 0 0 0 0 45 30 1440 1050
747 811 871 855 900 0 0 0 0 45 30 1440 1050
748 856 871 900 900 0 0 0 0 45 30 1440 1050
749 901 871 945 900 0 0 0 0 45 30 1440 1050
750 946 871 990 900 0 0 0 0 45 30 1440 1050
751 991 871 1035 900 0 0 0 0 45 30 1440 1050
752 1036 871 1080 900 0 0 0 0 45 30 1440 1050
753 1081 871 1125 900 0 0 0 0 45 30 1440 1050
754 1126 871 1170 900 0 0 0 0 45 30 1440 1050
755 1171 871 1215 900 0 0 0 0 45 30 1440 1050
756 271 901 315 930 0 0 0 0 45 30 1440 1050
757 316 901 360 930 0 0 0 0 45 30 1440 1050
758 361 901 405 930 0 0 0 0 45 30 1440 1050
759 406 901 450 930 0 0 0 0 45 30 1440 1050
760 451 901 495 930 0 0 0 0 45 30 1440 1050
761 496 901 540 930 0 0 0 0 45 30 1440 1050
762 541 901 585 930 0 0 0 0 45 30 1440 1050
763 766 901 810 930 0 0 0 0 45 30 1440 1050
764 811 901 855 930 0 0 0 0 45 30 1440 1050
765 856 901 900 930 0 0 0 0 45 30 1440 1050
766 901 901 945 930 0 0 0 0 45 30 1440 1050
767 946 901 990 930 0 0 0 0 45 30 1440 1050
768 1036 901 1080 930 0 0 0 0 45 30 1440 1050
769 1081 901 1125 930 0 0 0 0 45 30 1440 1050
770 1126 901 1170 930 0 0 0 0 45 30 1440 1050
771 1171 901 1215 930 0 0 0 0 45 30 1440 1050
772 1216 901 1260 930 0 0 0 0 45 30 1440 1050
773 271 931 315 960 0 0 0 0 45 30 1440 1050
774 316 931 360 960 0 0 0 0 45 30 1440 1050
775 361 931 405 960 0 0 0 0 45 30 1440 1050
776 406 931 450 960 0 0 0 0 45 30 1440 1050
777 451 931 495 960 0 0 0 0 45 30 1440 1050
778 496 931 540 960 0 0 0 0 45 30 1440 1050
779 541 931 585 960 0 0 0 0 45 30 1440 1050
780 811 931 855 960 0 0 0 0 45 30 1440 1050
781 856 931 900 960 0 0 0 0 45 30 1440 1050
782 901 931 945 960 0 0 0 0 45 30 1440 1050
783 946 931 990 960 0 0 0 0 45 30 1440 1050
784 1036 931 1080 960 0 0 0 0 45 30 1440 1050
785 1081 931 1125 960 0 0 0 0 45 30 1440 1050
786 1126 931 1170 960 0 0 0 0 45 30 1440 1050
787 1171 931 1215 960 0 0 0 0 45 30 1440 1050
788 1216 931 1260 960 0 0 0 0 45 30 1440 1050
789 226 961 270 990 0 0 0 0 45 30 1440 1050
790 271 961 315 990 0 0 0 0 45 30 1440 1050
791 316 961 360 990 0 0 0 0 45 30 1440 1050
792 361 961 405 990 0 0 0 0 45 30 1440 1050
793 406 961 450 990 0 0 0 0 45 30 1440 1050
794 451 961 495 990 0 0 0 0 45 30 1440 1050
795 496 961 540 990 0 0 0 0 45 30 1440 1050
796 541 961 585 990 0 0 0 0 45 30 1440 1050
797 586 961 630 990 0 0 0 0 45 30 1440 1050
798 811 961 855 990 0 0 0 0 45 30 1440 1050
799 856 961 900 990 0 0 0 0 45 30 1440 1050
800 901 961 945 990 0 0 0 0 45 30 1440 1050
801 946 961 990 990 0 0 0 0 45 30 1440 1050
802 991 961 1035 990 0 0 0 0 45 30 1440 1050
803 1036 961 1080 990 0 0 0 0 45 30 1440 1050
804 1081 961 1125 990 0 0 0 0 45 30 1440 1050
805 1126 961 1170 990 0 0 0 0 45 30 1440 1050
806 1171 961 1215 990 0 0 0 0 45 30 1440 1050
807 1216 961 1260 990 0 0 0 0 45 30 1440 1050
808 226 991 270 1020 0 0 0 0 45 30 1440 1050
809 271 991 315 1020 0 0 0 0 45 30 1440 1050
810 316 991 360 1020 0 0 0 0 45 30 1440 1050
811 361 991 405 1020 0 0 0 0 45 30 1440 1050
812 406 991 450 1020 0 0 0 0 45 30 1440 1050
813 451 991 495 1020 0 0 0 0 45 30 1440 1050
814 496 991 540 1020 0 0 0 0 45 30 1440 1050
815 541 991 585 1020 0 0 0 0 45 30 1440 1050
816 586 991 630 1020 0 0 0 0 45 30 1440 1050
817 811 991 855 1020 0 0 0 0 45 30 1440 1050
818 856 991 900 1020 0 0 0 0 45 30 1440 1050
819 901 991 945 1020 0 0 0 0 45 30 1440 1050
820 946 991 990 1020 0 0 0 0 45 30 1440 1050
821 991 991 1035 1020 0 0 0 0 45 30 1440 1050
822 1036 991 1080 1020 0 0 0 0 45 30 1440 1050
823 1081 991 1125 1020 0 0 0 0 45 30 1440 1050
824 1126 991 1170 1020 0 0 0 0 45 30 1440 1050
825 1171 991 1215 1020 0 0 0 0 45 30 1440 1050
826 1216 991 1260 1020 0 0 0 0 45 30 1440 1050
827 181 1021 225 1050 0 0 0 0 45 30 1440 1050
828 226 1021 270 1050 0 0 0 0 45 30 1440 1050
829 271 1021 315 1050 0 0 0 0 45 30 1440 1050
830 316 1021 360 1050 0 0 0 0 45 30 1440 1050
831 361 1021 405 1050 0 0 0 0 45 30 1440 1050
832 406 1021 450 1050 0 0 0 0 45 30 1440 1050
833 451 1021 495 1050 0 0 0 0 45 30 1440 1050
834 496 1021 540 1050 0 0 0 0 45 30 1440 1050
835 541 1021 585 1050 0 0 0 0 45 30 1440 1050
836 586 1021 630 1050 0 0 0 0 45 30 1440 1050
837 631 1021 675 1050 0 0 0 0 45 30 1440 1050
838 811 1021 855 1050 0 0 0 0 45 30 1440 1050
839 856 1021 900 1050 0 0 0 0 45 30 1440 1050
840 901 1021 945 1050 0 0 0 0 45 30 1440 1050
841 946 1021 990 1050 0 0 0 0 45 30 1440 1050
842 991 1021 1035 1050 0 0 0 0 45 30 1440 1050
843 1036 1021 1080 1050 0 0 0 0 45 30 1440 1050
844 1081 1021 1125 1050 0 0 0 0 45 30 1440 1050
845 1126 1021 1170 1050 0 0 0 0 45 30 1440 1050
846 1171 1021 1215 1050 0 0 0 0 45 30 1440 1050
847 1216 1021 1260 1050 0 0 0 0 45 30 1440 1050
